current_buckets = 3
current_minimum = 0.000000
current_maximum = 2308.000000
current_mode = 1321.000000
current_mode_count = 20
current_max_count = 2
current_min_count = 0
current_mean = 1449.000000
current_percentile75 = 1321.000000
current_percentile25 = 1321.000000
current_first_allocation = 1350.000000
current_first_allocation_min_waste = 1350.000000
current_bin_size = 1.000000
all_minimum = 0.000000
all_maximum = 2308.000000
all_mode = 1321.000000
all_mode_count = 20
all_mean = 1449.000000
all_percentile75 = 1321.000000
all_percentile25 = 1321.000000
all_first_allocation = 1350.000000
all_first_allocation_min_waste = 1350.000000
